## "Constants"
dataListsLocation= /afs/cern.ch/na62/offline/lists/Data/Reco/2016
analysisScript= /afs/cern.ch/user/l/liacobuz/NA62AnalysisTool/CondorJobs/analysis_condor.sh
executableFile= /afs/cern.ch/user/l/liacobuz/NA62AnalysisTool/bin-slc6/MyAnalyzer
executableName= MyAnalyzer

## Parameters

## BadBurstList for Sample 2016A, revision v1.0.0
runs= 6278 6288 6291 6292 6300 6302 6303 6304 6305 6306 6307 6309 6318 6319 6320 6321 6330 6341 6342 6343 6346 6348 6349 6350 6351 6352 6353 6354 6355 6356 6362 6363 6364 6365 6366 6367 6368 6369 6370 6371 6403 6419 6420 6422 6431 6433 6434 6435 6436 6437 6467 6468 6473 6477 6478 6479 6480 6483 6487 6488 6490 6491 6493 6494 6495 6496 6497 6498 6501 6502 6503 6507 6509 6510 6511 6512 6513 6514 6516 6520 6523 6528 6561 6563 6567 6568 6574 6575 6579 6581 6582 6583 6584 6585 6586 6587 6589 6590 6596 6597 6599 6609 6610 6611 6612 6613 6614 6615 6619 6620 6622 6624 6625 6627 6629 6630 6632 6633 6634 6635 6636 6637 6638 6639 6641 6642 6643 6645 6646 6647 6648 6650 6651 6652 6653 6654 6656 6658 6659 6660 6661 6662 6663 6664 6666 6668 6670 6671 6672 6673 6674 6675 6676 6677 6678 6680 6681 6682 6683 6684 6685 6692 6693 6694 6724 6725 6726

filter= HNLV
filesPerJob= 70
jobFlavour= workday
numberOfCPUs= 2
operatingSystem= CentOS7
outputDir= /afs/cern.ch/work/l/liacobuz/private/condorOutputData2016A/
analysisDir= /afs/cern.ch/user/l/liacobuz/NA62AnalysisTool/
myListDir= /afs/cern.ch/user/l/liacobuz/NA62AnalysisTool/CondorJobs/

